14 mum 6611666611

1,12,6. 661611 unde 66111116 odor: 01111116 offane odorem

1,26,6.166166611111·2,26,11. 2, 12, 26.

· 61161161 1, 66, 1ο.
6161161611616661611661361. 61161161 christo 6116116 666-

6666616 6161166. 16116, 1616.

61116116116 1161161·6666.1,2·1, 6661661661 1, 2, ¹⁰: 6,12.

6, aarum. 661116 2, 62, 6. 6,17. 6,1. saepissume.
6116116166666661661612,1,6. 66611 (ww) 2,11,12. 2,21,6.
61161111 6611616 1666111661 2, 6661116, ps. 6661116·1,66,11.

11, 11. 616116 6116616 616 6116161161-
611661611611666 mente 1,21, queris uideo 1, 26, 62. 161-
. 12⁸. 6111661611 nobi· (661) quum 661, 116161 inopis 616-

16616611616 166162,1,26. 166 6166161612, 1116.
obsequium 6166116166 6111166661 166616 2, 66, 6.

6616116 2, 26, 1. obsequis 6166 16116116 1, 21, 16.

reddo 661 nummum 2,66,6. 616611166666661616 6166161161
611616161666616· 616111 666- 116616 16116666 2, 18, 6.

1612, 66, 6 66 1666161 2, 62, 6. 66616166
6116161161 terribilem legun 616,61661666612,16,16.

66611166, 11. oham 111611 (A 1116) mor ou- ’

6166611661 1161616112,16,16. 1666166 ’ ’1 1, 11, 6.
66116116 2, 6, 16. 6666161 6116116 16616 2, 26, 6.
6611616666 2, 21, 11.

61161616 611661 obsta in 66· 6661166111 16 16666 6666116 2,
11116 6666612211, 11. 666166 22, ’1.
11611611 »1166161111

6116116616 6616123666. 6616161 ’6611661 1166 di’gffi

11111666. ,116161 in 161611 1, 6161616616 6616116611 2,16,

. 6616. .’ 16- inuidiae pamm..

obumbrant 66661616 666611· 66, 2. 61616666 661166 66-

, 66161,17,16 661612, 11, 16.

6661116161 6661611 1, 66, 6. 6611 16 661616 66666616 11611
6661116116 66616666 6161661611 116166 66666166 2, 26, 4.
6311ἶῖ ’1111161116 16161116, 163ῗὲ161 ’1ἔέῗῶιῖιῖ 2²2²„
10. oculorum 6616666666161 611611,26,1. 16 6611616
16116161 66616 2, 26, 16, 1666 refugit 2, 1, 18.
666611111166616 6616 2,6,16. 6616611 1661166 2, 10, 2. 6.
66161111 1161161116 66161611661 16611 1, 26, 211.
6, 6, 1. 111616 6616 1, 6, 6. ‚anuum 1, 6, 6.
in ne 6616 6616 6666611616 61166161 sibi 6116616 661611
6611161,16,1.66116ιι 6616 1, 11, 6. 661616166ωῶ
1611662, 26,6. 16661 1, 66, ’1. 6666616 16

 

